2605001
2605002
2605003
2605004
2605005
2605006
2605007
2605008
2605009
2605010
2605011
2605012
2605013
2605014
2605015
2605016
2605017
2605018
2605019
2605020
2605021
2605022
2605023
2605024
2605025
2605026
2605027
2605028
2605029
2605030
2605031
2605032
2605033
2605034
2605035
2605036
2605037
2605038
2605039
2605040
2605041
2605042
2605043
2605044
2605045
2605046
2605047
2605048
2605049
2605050
2605051
2605052
2605053
2605054
2605055
2605056
2605057
2605058
2605059
2605060
2605061
2605062
2605063
2605064
2605065
2605066
2605067
2605068
2605069
2605070
2605071
2605072
2605073
2605074
2605075
2605076
2605077
2605078
2605079
2605080
2605081
2605082
2605083
2605084
2605085
2605086
2605087
2605088
2605089
2605090
2605091
2605092
2605093
2605094
2605095
2605096
2605097
2605098
2605099
2605100
2605101
2605102
2605103
2605104
2605105
2605107
2605108
2605109
2605110
2605111
2605112
2606001
2606002
2606004
2606005
2606006
2606007
2606008
2606009
2606010
2606011
2606012
2606013
2606014
2606015
2606016
2606017
2606018
2606019
2606020
2606021
2606022
2606023
2606024
2606025
2606026
2606027
2606028
2606029
2606030
2606031
2606032
2606033
2606034
2606035
2606036
2606037
2606038
2606039
2606040
2606041
2606042
2606043
2606044
2606045
2606046
2606047
2606048
2606049
2606050
2606051
2606052
2606053
2606054
2606055
2606056
2606057
2606058
2606059
2606060
2606061
2606062
2606063
2606064
2606065
2606066
2606067
2606068
2606069
2606070
2606071
2606072
2606073
2606074
2606075
2606076
2606078
260679
260680
260681
260682
2607001
2607002
2607003
2607004
2607005
2607006
2607007
2607008
2607009
2607010
2607011
2607012
2607013
2607014
2607015
2607016
2607017
2607018
2607019
2607020
2607021
2607022
2607023
2607025
2607026
2607027
2607028
2607029
2607030
2607031
2607032
2607033
2607034
2607035
2607036
2607037
2607038
2607039
2607040
2607041
2607042
2607043
2607044
2607045
2607046
2607047
2607048
2607049
2607050
2607051
2607052
2607053
2607054
2607055
2607056
2607057
2607058
2607059
2607060
2607061
2607062
2607063
2607064
2607065
2607066
2607067
2607068
2607069
2607070
2607071
2607073
2607075
2607076
2607077
2607078
2607079
2607080
2607081
2607082
2607083
2607084
2607085
2607086
2607087
2607088
2607089
2607090
2607091
2607092
2607093
2607094
2607095
2607096
2607097
2607098
2607099
2607100
2607101
2607102
2607103
2607104
2607107
2607108
2608001
2608002
2608003
2608004
2608005
2608006
2608007
2608008
2608009
2608010
2608011
2608012
2608013
2608014
2608015
2608016
2608017
2608018
2608019
2608020
2608021
2608022
2608023
2608024
2608025
2608026
2608028
2608029
2608030
2608031
2608032
2608033
2608034
2608035
2608036
2608037
2608038
2608039
2608040
2608041
2608042
2608043
2608044
2608045
2608046
2608047
2608048
2608049
2608050
2608051
2608052
2608053
2608054
2608055
2608056
2608057
2608058
2608059
2608060
2608061
2608062
2608063
2608064
2608065
2608066
2608067
2608068
2608069
2608070
2608071
2608072
2608073
2608074
2608075
2608076
2608077
2608078
2608079
2608080
2608081
2608082
2608083
2608084
2608085
2608086
2608087
2608088
2608089
2608107
2608108
2608109
2609001
2609002
2609003
2609004
2609005
2609006
2609007
2609008
2609009
2609010
2609011
2609012
2609013
2609014
2609015
2609016
2609017
2609018
2609019
2609021
2609022
2609023
2609025
2609026
2609027
2609028
2609029
2609030
2609031
2609032
2609033
2609034
2609035
2609036
2609037
2609038
2609039
2609040
2609041
2609042
2609043
2609044
2609045
2609046
2609048
2609049
2609050
2609051
2609052
2609053
2609054
2609055
2609056
2609057
2609058
2609059
2609060
2609061
2609062
2609063
2609065
2609066
2609067
2609068
2609069
2609070
2609071
2609072
2609073
2609074
2609075
2609076
2609077
2609078
2609079
2609082
2609083
2609084
2609085
2609086
2609087
2609089
2609090
2609091
2609092
2609093
2609094
2609095
2610001
2610002
2610003
2610004
2610005
2610006
2610007
2610008
2610009
2610010
2610011
2610012
2610013
2610014
2610015
2610016
2610017
2610018
2610019
2610020
2610021
2610022
2610023
2610024
2610025
2610026
2610027
2610028
2610029
2610030
2610031
2610032
2610033
2610034
2610035
2610036
2610037
2610038
2610039
2610040
2610041
2610042
2610043
2610044
2610045
2610046
2610047
2610048
2610049
2610050
2610051
2610052
2610053
2610054
2610055
2610056
2610057
2610058
2610059
2610060
2610061
2610062
2610063
2610064
2610101
2611001
2611002
2611003
2611004
2611005
2611006
2611007
2611008
2611009
2611010
2611011
2611012
2611013
2611014
2611015
2611016
2611017
2611018
2611019
2611020
2611021
2611022
2611023
2611024
2611025
2611026
2611027
2611028
2611029
2611030
2611031
2611032
2611033
2611034
2611035
2611036
2611037
2611038
2611039
2611040
2611041
2611042
2611043
2611044
2611045
2611046
2611047
2611048
2611049
2611050
